# w(z) comparison over z_desi grid
z,w_QFUDS_tanh,w_DESI_CPL
0.0,-0.9999999999977043,-0.7
0.01256281407035176,-0.9999999999962291,-0.7124069478908188
0.02512562814070352,-0.9999999999938809,-0.7245098039215686
0.03768844221105528,-0.9999999999901861,-0.736319612590799
0.05025125628140704,-0.999999999984437,-0.7478468899521531
0.0628140703517588,-0.9999999999755878,-0.7591016548463356
0.07537688442211056,-0.9999999999621072,-0.7700934579439251
0.08793969849246232,-0.9999999999417771,-0.7808314087759815
0.10050251256281408,-0.9999999999114126,-0.791324200913242
0.11306532663316583,-0.9999999998664832,-0.8015801354401806
0.1256281407035176,-0.9999999998006012,-0.8116071428571427
0.13819095477386936,-0.9999999997048353,-0.8214128035320087
0.15075376884422112,-0.9999999995668016,-0.831004366812227
0.16331658291457288,-0.999999999369463,-0.840388768898488
0.17587939698492464,-0.9999999990895607,-0.8495726495726496
0.1884422110552764,-0.9999999986955773,-0.8585623678646934
0.20100502512562815,-0.999999998145108,-0.8673640167364016
0.2135678391959799,-0.9999999973814956,-0.8759834368530021
0.22613065326633167,-0.9999999963295473,-0.8844262295081967
0.23869346733668342,-0.9999999948901166,-0.8926977687626775
0.2512562814070352,-0.9999999929332948,-0.9008032128514055
0.26381909547738697,-0.9999999902899015,-0.9087475149105367
0.2763819095477387,-0.9999999867409127,-0.916535433070866
0.2889447236180905,-0.9999999820043975,-0.9241715399610135
0.30150753768844224,-0.9999999757194631,-0.9316602316602316
0.314070351758794,-0.9999999674266246,-0.9390057361376672
0.32663316582914576,-0.9999999565439257,-0.9462121212121212
0.3391959798994975,-0.9999999423380297,-0.9532833020637899
0.35175879396984927,-0.9999999238893886,-0.9602230483271375
0.36432160804020103,-0.9999999000504689,-0.9670349907918968
0.3768844221105528,-0.9999998693958732,-0.9737226277372262
0.38944723618090454,-0.9999998301630424,-0.9802893309222422
0.4020100502512563,-0.999999780182058,-0.9867383512544802
0.41457286432160806,-0.9999997167928751,-0.9930728241563055
0.4271356783919598,-0.9999996367481266,-0.9992957746478872
0.4396984924623116,-0.9999995360994212,-1.0054101221640488
0.45226130653266333,-0.9999994100648286,-1.0114186851211073
0.4648241206030151,-0.9999992528750055,-1.0173241852487136
0.47738693467336685,-0.999999057595147,-1.0231292517006803
0.4899497487437186,-0.9999988159196798,-1.0288364249578414
0.5025125628140704,-0.9999985179363164,-1.034448160535117
0.5150753768844222,-0.9999981518557824,-1.039966832504146
0.5276381909547739,-0.9999977037032071,-1.045394736842105
0.5402010050251257,-0.9999971569668307,-1.0507340946166395
0.5527638190954774,-0.9999964921993318,-1.0559870550161812
0.5653266331658292,-0.9999956865667106,-1.06115569823435
0.577889447236181,-0.9999947133392946,-1.0662420382165605
0.5904522613065327,-0.9999935413190456,-1.0712480252764613
0.6030150753768845,-0.9999921341969489,-1.0761755485893416
0.6155778894472362,-0.9999904498338665,-1.0810264385692068
0.628140703517588,-0.9999884394578286,-1.0858024691358024
0.6407035175879398,-0.9999860467703201,-1.0905053598774885
0.6532663316582915,-0.9999832069537102,-1.0951367781155015
0.6658291457286433,-0.9999798455715523,-1.0996983408748116
0.678391959798995,-0.9999758773530749,-1.104191616766467
0.6909547738693468,-0.999971204852774,-1.1086181277860327
0.7035175879396985,-0.9999657169756191,-1.1129793510324482
0.7160804020100503,-0.9999592873579968,-1.117276720351391
0.7286432160804021,-0.9999517725941451,-1.1215116279069766
0.7412060301507538,-0.9999430102974751,-1.1256854256854258
0.7537688442211056,-0.999932816985843,-1.1297994269340974
0.7663316582914573,-0.9999209857795324,-1.133854907539118
0.7788944723618091,-0.9999072839004333,-1.1378531073446327
0.7914572864321608,-0.9998914499606646,-1.1417952314165498
0.8040201005025126,-0.9998731910286982,-1.1456824512534818
0.8165829145728644,-0.9998521794608937,-1.1495159059474411
0.8291457286432161,-0.9998280494862719,-1.1532967032967032
0.8417085427135679,-0.9998003935323322,-1.1570259208731242
0.8542713567839196,-0.9997687582797687,-1.1607046070460703
0.8668341708542714,-0.999732640434084,-1.1643337819650066
0.8793969849246231,-0.9996914822023293,-1.1679144385026738
0.8919597989949749,-0.9996446664635397,-1.1714475431606906
0.9045226130653267,-0.999591511621903,-1.1749340369393138
0.9170854271356784,-0.9995312661322965,-1.1783748361730013
0.9296482412060302,-0.9994631026885862,-1.1817708333333332
0.9422110552763819,-0.9993861120660112,-1.1851228978007762
0.9547738693467337,-0.9992992966101047,-1.1884318766066837
0.9673366834170855,-0.9992015633659428,-1.191698595146871
0.9798994974874372,-0.9990917168431038,-1.1949238578680204
0.992462311557789,-0.998968451413577,-1.198108448928121
1.0050251256281408,-0.9988303433420204,-1.2012531328320801
1.0175879396984926,-0.9986758424502638,-1.2043586550435865
1.0301507537688444,-0.9985032634208169,-1.2074257425742574
1.042713567839196,-0.9983107767474152,-1.2104551045510454
1.0552763819095479,-0.9980963993443529,-1.2134474327628362
1.0678391959798996,-0.9978579848305675,-1.2164034021871202
1.0804020100502514,-0.9975932135091754,-1.2193236714975846
1.0929648241206031,-0.9972995820684851,-1.2222088835534213
1.105527638190955,-0.996974393036455,-1.2250596658711217
1.1180904522613067,-0.9966147440271812,-1.227876631079478
1.1306532663316584,-0.9962175168253282,-1.2306603773584905
1.1432160804020102,-0.9957793663625005,-1.2334114888628371
1.155778894472362,-0.9952967096484362,-1.2361305361305361
1.1683417085427137,-0.994765714729607,-1.2388180764774044
1.1809045226130654,-0.9941822897583683,-1.2414746543778803
1.1934673366834172,-0.9935420722672265,-1.2441008018327606
1.206030150753769,-0.9928404187550701,-1.2466970387243734
1.2185929648241207,-0.9920723947053527,-1.2492638731596828
1.2311557788944725,-0.9912327651701498,-1.2518018018018018
1.2437185929648242,-0.9903159860687003,-1.2543113101903696
1.256281407035176,-0.9893161963643855,-1.256792873051225
1.2688442211055277,-0.9882272112999597,-1.2592469545957918
1.2814070351758795,-0.9870425168870649,-1.2616740088105727
1.2939698492462313,-0.9857552658624307,-1.2640744797371304
1.306532663316583,-0.9843582753393916,-1.2664488017429194
1.3190954773869348,-0.9828440263991591,-1.2687973997833153
1.3316582914572865,-0.9812046658812416,-1.2711206896551723
1.3442211055276383,-0.9794320106460997,-1.2734190782422292
1.35678391959799,-0.9775175545950132,-1.275692963752665
1.3693467336683418,-0.9754524787416358,-1.2779427359490985
1.3819095477386936,-0.9732276646361735,-1.280168776371308
1.3944723618090453,-0.9708337114457982,-1.2823714585519412
1.407035175879397,-0.9682609569930261,-1.2845511482254697
1.4195979899497488,-0.9654995030465034,-1.2867082035306334
1.4321608040201006,-0.9625392451450778,-1.2888429752066115
1.4447236180904524,-0.9593699072152941,-1.2909558067831448
1.4572864321608041,-0.9559810812136708,-1.2930470347648262
1.4698492462311559,-0.952362271987429,-1.295116988809766
1.4824120603015076,-0.9485029475000142,-1.297165991902834
1.4949748743718594,-0.9443925945101181,-1.2991943605236655
1.5075376884422111,-0.940020779724523,-1.3012024048096191
1.520100502512563,-0.9353772163656977,-1.3031904287138585
1.5326633165829147,-0.9304518360047326,-1.3051587301587302
1.5452261306532664,-0.9252348654092806,-1.3071076011846001
1.5577889447236182,-0.9197169080454659,-1.3090373280943024
1.57035175879397,-0.9138890297534737,-1.310948191593353
1.5829145728643217,-0.9077428479904359,-1.31284046692607
1.5954773869346734,-0.9012706239035742,-1.3147144240077444
1.6080402010050252,-0.8944653563640866,-1.3165703275529865
1.620603015075377,-0.8873208769613001,-1.3184084372003835
1.6331658291457287,-0.8798319448309151,-1.3202290076335879
1.6457286432160805,-0.8719943400749591,-1.3220322886989553
1.6582914572864322,-0.863804954428821,-1.3238185255198487
1.670854271356784,-0.8552618777471722,-1.325587958607714
1.6834170854271358,-0.8463644788203539,-1.3273408239700375
1.6959798994974875,-0.8371134790004325,-1.3290773532152842
1.7085427135678393,-0.8275110171157258,-1.3307977736549166
1.721105527638191,-0.8175607041875861,-1.3325023084025853
1.7336683417085428,-0.807267666536228,-1.3341911764705883
1.7462311557788945,-0.7966385759749071,-1.3358645928636779
1.7587939698492463,-0.7856816659439945,-1.3375227686703095
1.771356783919598,-0.7744067326272684,-1.3391659111514052
1.7839195979899498,-0.7628251203193187,-1.3407942238267148
1.7964824120603016,-0.7509496905710653,-1.34240790655885
1.8090452261306533,-0.738794774924252,-1.3440071556350626
1.821608040201005,-0.726376111348342,-1.3455921638468387
1.8341708542713568,-0.713710764806164,-1.3471631205673757
1.8467336683417086,-0.700817032689025,-1.3487202118270079
1.8592964824120604,-0.6877143361681508,-1.3502636203866432
1.8718592964824121,-0.6744230987977362,-1.3517935258092737
1.8844221105527639,-0.6609646139663137,-1.3533101045296168
1.8969849246231156,-0.6473609030191272,-1.3548135299219428
1.9095477386934674,-0.6336345660575105,-1.3563039723661485
1.9221105527638191,-0.6198086275561046,-1.3577815993121238
1.934673366834171,-0.6059063790211806,-1.3592465753424658
1.9472361809045227,-0.5919512209413341,-1.360699062233589
1.9597989949748744,-0.5779665062553885,-1.3621392190152801
1.9723618090452262,-0.563975387483466,-1.3635672020287404
1.984924623115578,-0.5500006695396933,-1.364983164983165
1.9974874371859297,-0.5360646700743338,-1.3663872590108967
2.0100502512562817,-0.522189088986061,-1.367779632721202
2.022613065326633,-0.5083948885093251,-1.3691604322527016
2.035175879396985,-0.4947021850255805,-1.3705298013245033
2.0477386934673367,-0.4811301534791474,-1.3718878812860675
2.0603015075376887,-0.4676969450068786,-1.3732348111658457
2.0728643216080402,-0.4544196181235787,-1.3745707277187245
2.085427135678392,-0.44131408354920937,-1.3758957654723127
2.0979899497487438,-0.42839506252554205,-1.3772100567721006
2.1105527638190957,-0.41567605825388465,-1.378513731825525
2.1231155778894473,-0.4031693398956988,-1.3798069187449717
2.1356783919597992,-0.39088593841670755,-1.3810897435897436
2.148241206030151,-0.3788356534239362,-1.3823623304070232
2.1608040201005028,-0.3670270700441364,-1.3836248012718602
2.1733668341708543,-0.3554675848205971,-1.3848772763262074
2.1859296482412063,-0.3441634395618115,-1.3861198738170346
2.198492462311558,-0.33311976205771837,-1.3873527101335428
2.21105527638191,-0.3223406125845423,-1.3885758998435054
2.2236180904522613,-0.31182903514467275,-1.3897895557287607
2.2361809045226133,-0.3015871124303375,-1.3909937888198758
2.248743718592965,-0.29161602355588234,-1.3921887084300077
2.261306532663317,-0.28191610367012704,-1.3933744221879816
2.2738693467336684,-0.27248690463457836,-1.3945510360706064
2.2864321608040203,-0.26332725603254126,-1.3957186544342508
2.298994974874372,-0.2544353258559304,-1.3968773800456968
2.311557788944724,-0.2458086802987578,-1.3980273141122912
2.3241206030150754,-0.23744434216704408,-1.3991685563114133
2.3366834170854274,-0.22933884749281563,-1.4003012048192771
2.349246231155779,-0.22148830001376268,-1.4014253563390846
2.361809045226131,-0.2138884232491402,-1.40254110612855
2.3743718592964824,-0.2065346099660651,-1.4036485480268057
2.3869346733668344,-0.19942196888801073,-1.4047477744807122
2.399497487437186,-0.19254536854899296,-1.4058388765705838
2.412060301507538,-0.1858994782425334,-1.406921944035346
2.4246231155778895,-0.17947880605423205,-1.4079970652971388
2.4371859296482414,-0.17327773400079954,-1.40906432748538
2.449748743718593,-0.16729055032713191,-1.4101238164603058
2.462311557788945,-0.16151147903671276,-1.4111756168359941
2.4748743718592965,-0.15593470674979842,-1.4122198120028921
2.4874371859296485,-0.15055440699887063,-1.4132564841498558
2.5,-0.14536476208217675,-1.4142857142857141

# V1 density fractions Omega_i(a) vs a
a,z,Omega_radiation,Omega_baryon,Omega_QFUDS
0.05,19.0,0.021434719558619607,0.5835006990957559,0.39506458134562455
0.05798319327731093,16.246376811594203,0.018538219490566644,0.585226144702202,0.3962356358072313
0.06596638655462185,14.159235668789808,0.016331324352181893,0.5865400478120228,0.39712862783579533
0.07394957983193277,12.522727272727273,0.014593952971159504,0.5875735313878597,0.3978325156409807
0.0819327731092437,11.205128205128204,0.013190667284927817,0.58840721712178,0.3984021155932922
0.08991596638655462,10.121495327102803,0.012033549094218037,0.5890933510829613,0.39887309982282054
0.09789915966386555,9.214592274678111,0.011063039117602204,0.5896672157127187,0.3992697451696789
0.10588235294117647,8.444444444444445,0.010237355279598548,0.5901534220003868,0.3996092227200148
0.11386554621848739,7.78228782287823,0.009526319849138563,0.590569567118165,0.39990411303269635
0.12184873949579832,7.206896551724139,0.008907591422287066,0.5909284505634883,0.40016395801422455
0.12983193277310923,6.702265372168286,0.008364275277618067,0.5912394583492769,0.40039626637310505
0.13781512605042018,6.2560975609756095,0.00788335755314107,0.5915094425494083,0.4006071998974506
0.14579831932773107,5.858789625360232,0.007454649784359903,0.5917432786343203,0.4008020715813198
0.15378151260504203,5.502732240437158,0.007070059585205256,0.591944204486793,0.4009857359280018
0.16176470588235292,5.1818181818181825,0.006723075472754318,0.5921139999697022,0.40116292455754354
0.16974789915966387,4.891089108910891,0.006408395677184398,0.5922530384012248,0.40133856592159073
0.17773109243697477,4.626477541371159,0.0061216558003566336,0.5923602230345095,0.40151812116513386
0.18571428571428572,4.384615384615384,0.005859225575393346,0.5924328081786606,0.401707966245946
0.19369747899159662,4.162689804772235,0.005618054682008761,0.5924660934262179,0.4019158518917733
0.20168067226890757,3.958333333333333,0.0053955538262723856,0.5924529691593208,0.40215147701440696
0.20966386554621846,3.7695390781563134,0.0051895014063941544,0.5923832814553849,0.4024272171382211
0.21764705882352942,3.5945945945945947,0.004997968844581923,0.5922429748514396,0.4027590563039784
0.2256302521008403,3.4320297951582877,0.0048192595585477005,0.5920129634176734,0.403167777023779
0.23361344537815126,3.2805755395683454,0.0046518578947080495,0.5916676773269192,0.4036804647783727
0.24159663865546216,3.139130434782609,0.004494385375169859,0.5911732397077999,0.4043323749170303
0.2495798319327731,3.006734006734007,0.0043455625040370385,0.5904852579015035,0.4051691795944594
0.257563025210084,2.882544861337684,0.004204175302675496,0.5895462818228938,0.40624954287443077
0.26554621848739496,2.7658227848101267,0.0040690468615125295,0.588283114880112,0.40764783825837536
0.27352941176470585,2.655913978494624,0.003939015642153017,0.5866043882774934,0.4094565960803537
0.2815126050420168,2.5522388059701493,0.0038129240528668932,0.584399144050514,0.4117879318966191
0.2894957983193277,2.454281567489115,0.0036896226559906256,0.5815375839817902,0.414772793362219
0.29747899159663865,2.361581920903955,0.0035679963632297665,0.5778754894172132,0.418556514219557
0.30546218487394955,2.273727647867951,0.0034470174996281706,0.5732637926669202,0.42328918983345165
0.31344537815126045,2.1903485254691697,0.0033258247359887637,0.5675639467755986,0.4291102284884126
0.3214285714285714,2.1111111111111116,0.0032038160280391296,0.5606678049068476,0.4361283790651132
0.32941176470588235,2.0357142857142856,0.0030807311468948177,0.5525180566718548,0.44440121218125017
0.33739495798319324,1.9638854296388546,0.0029566930581554777,0.5431232575128084,0.4539200494290361
0.34537815126050414,1.895377128953772,0.002832185406337509,0.5325619224858178,0.46460589210784475
0.3533613445378151,1.8299643281807376,0.0027079655817100175,0.5209736398538194,0.47631839456447056
0.36134453781512604,1.7674418604651163,0.0025849375652859767,0.5085400046739078,0.4888750577608063
0.36932773109243694,1.7076222980659845,0.002464021005324491,0.4954614786196599,0.5020745003750156
0.37731092436974784,1.6503340757238312,0.002346047310988361,0.48193638551872003,0.5157175671702916
0.3852941176470588,1.5954198473282446,0.0022316970379043016,0.46814585902966377,0.529622443932432
0.39327731092436974,1.5427350427350426,0.0021214767758345595,0.45424561553163506,0.5436329076925304
0.40126050420168063,1.492146596858639,0.0020157247672921456,0.44036340095908466,0.5576208742736232
0.40924369747899153,1.4435318275154008,0.0019146327657900944,0.426600202521466,0.5714851647127439
0.4172268907563025,1.3967774420946628,0.001818274117282963,0.4130334440926102,0.5851482817901068
0.42521008403361343,1.3517786561264824,0.001726631696736987,0.3997208803818567,0.5985524879214063
0.43319327731092433,1.3084384093113486,0.0016396224648975543,0.38670442252175324,0.6116559550133492
0.4411764705882352,1.266666666666667,0.0015571175145834741,0.374013520659756,0.6244293618256604
0.4491596638655462,1.2263797942001875,0.0014789576517661928,0.36166797739105944,0.6368530649571743
0.45714285714285713,1.1875,0.0014049650909860021,0.34968020042318276,0.6489148344858312
0.465126050420168,1.1499548328816624,0.00133495200408798,0.33805696338816205,0.6606080846077499
0.4731092436974789,1.1136767317939613,0.0012687266327184696,0.3268007620616658,0.6719305113056157
0.48109243697478987,1.0786026200873366,0.0012060975701829156,0.3159108504907212,0.6828830519390958
0.4890756302521008,1.0446735395189006,0.0011468766959391843,0.30538403001674747,0.6934690932873133
0.4970588235294117,1.0118343195266273,0.0010908811330687554,0.295215250422953,0.7036938684439782
0.5050420168067227,0.9800332778702163,0.0010379345051328742,0.28539806948326807,0.713563996011599
0.5130252100840336,0.9492219492219494,0.000987867695085555,0.2759250062057594,0.723087126099155
0.5210084033613446,0.9193548387096773,0.0009405192530696439,0.26678781426942844,0.7322716664775019
0.5289915966386555,0.8903891977760128,0.0008957355586012136,0.25797769535792464,0.7411265690834742
0.5369747899159664,0.8622848200312989,0.0008533708125484881,0.24948546696270504,0.7496611622247464
0.5449579831932773,0.8350038550501158,0.0008132869126171347,0.24130169541343022,0.7578850176739526
0.5529411764705883,0.8085106382978722,0.0007753532505259162,0.23341680208642937,0.7658078446630446
0.5609243697478992,0.7827715355805243,0.0007394464579906902,0.22582114869029413,0.7734394048517153
0.5689075630252101,0.7577548005908421,0.0007054501207662334,0.21850510603341047,0.7807894438458232
0.576890756302521,0.733430444282593,0.0006732544744036864,0.2114591095913016,0.7878676359342948
0.584873949579832,0.7097701149425286,0.000642756091404222,0.20467370440008956,0.7946835395085063
0.5928571428571429,0.6867469879518073,0.0006138575666147341,0.19813958122397807,0.8012465612094073
0.6008403361344538,0.6643356643356644,0.0005864672056842205,0.1918476055195767,0.8075659272747391
0.6088235294117648,0.6425120772946857,0.0005604987199440583,0.18578884040498642,0.8136506608750695
0.6168067226890757,0.6212534059945503,0.0005358709300252147,0.17995456460585316,0.8195095644641217
0.6247899159663866,0.6005379959650303,0.0005125074797638003,0.17433628617194113,0.825151206348295
0.6327731092436975,0.5803452855245685,0.0004903365613910552,0.16892575262040868,0.8305839108182003
0.6407563025210083,0.5606557377049182,0.00046929065259696304,0.16371495805465947,0.8358157512927435
0.6487394957983194,0.5414507772020725,0.0004493062657574129,0.15869614772242213,0.8408545460118205
0.6567226890756303,0.5227127319257838,0.0004303237093941867,0.15386182040790186,0.845707855882704
0.6647058823529411,0.5044247787610621,0.0004122868617744064,0.14920472899639792,0.8503829841418277
0.6726890756302522,0.48657089319175495,0.0003951429564366587,0.14471787950279852,0.8548869775407647
0.680672268907563,0.46913580246913567,0.00037884237934406766,0.14039452881574274,0.8592266288049133
0.688655462184874,0.45210494203782803,0.00036333847730231464,0.1362281813754724,0.8634084801472252
0.6966386554621848,0.43546441495778043,0.0003485873772372222,0.13221258497435295,0.8674388276484098
0.7046218487394957,0.41920095408467506,0.000334547815897681,0.12834172584388487,0.8713237263402175
0.7126050420168067,0.4033018867924527,0.0003211809795321643,0.12460982317012596,0.8750689958503418
0.7205882352941176,0.3877551020408163,0.00030845035307831115,0.12101132316029821,0.8786802264866235
0.7285714285714285,0.37254901960784315,0.0002963215784031237,0.11754089276657236,0.8821627856550244
0.7365546218487395,0.3576725613234455,0.0002847623211347062,0.1141934131583,0.8855218245205652
0.7445378151260504,0.3431151241534989,0.00027374214563393514,0.1109639730210239,0.8887622848333421
0.7525210084033613,0.3288665549972083,0.00026323239766503866,0.10784786174923497,0.8918889058531
0.7605042016806722,0.3149171270718232,0.00025320609433701635,0.10484056258986917,0.8949062313157937
0.7684873949579831,0.3012575177692729,0.00024363782090247704,0.10193774578478475,0.8978186163943127
0.7764705882352941,0.28787878787878785,0.0002345036340163504,0.09913526175279441,0.9006302346131891
0.784453781512605,0.2747723620782003,0.00022578097107359295,0.09642913434512373,0.9033450846838026
0.7924369747899159,0.261930010604454,0.0002174485652621364,0.09381555420231126,0.9059669972324266
0.8004201680672269,0.2493438320209973,0.0002094863659846579,0.09129087223547103,0.9084996413985442
0.8084033613445378,0.2370062370062369,0.0002018754643200472,0.08885159325040509,0.9109465312852748
0.8163865546218487,0.224909933093155,0.0001945980232125582,0.0864943697292158,0.9133110322475717
0.8243697478991596,0.21304791029561687,0.00018763721209341466,0.08421599578075022,0.9155963670071564
0.8323529411764705,0.20141342756183755,0.00018097714565598635,0.08201340126835172,0.9178056215859923
0.8403361344537815,0.18999999999999995,0.0001746028265214896,0.07988364612094294,0.9199417510525355
0.8483193277310924,0.178801386825161,0.0001685000915474349,0.0778239148313692,0.9220075850770834
0.8563025210084033,0.167811579980373,0.0001626555615457024,0.07583151114415,0.9240058332943043
0.8642857142857143,0.15702479338842967,0.00015705659419115015,0.07390385293328008,0.9259390904725288
0.8722689075630252,0.1464354527938343,0.00015169123991503304,0.07203846726945294,0.9278098414906321
0.8802521008403361,0.13603818615751795,0.00014654820059022822,0.07023298567502277,0.9296204661243871
0.888235294117647,0.1258278145695364,0.00014161679082733407,0.0684851395641467,0.9313732436450258
0.8962184873949579,0.11579934364744493,0.0001368869017121301,0.06679275586483054,0.9330703572334574
0.9042016806722689,0.10594795539033464,0.00013234896682568593,0.06515375281902396,0.9347138982141504
0.9121848739495798,0.09626900046061726,0.0001279939303985908,0.06356613595645047,0.9363058701131509
0.9201680672268907,0.08675799086757996,0.0001238132174603688,0.06202799423749848,0.9378481925450413
0.9281512605042017,0.0774105930285196,0.0001197987058541748,0.060537496360232194,0.9393427049339137
0.9361344537815126,0.06822262118491929,0.00011594269999534279,0.05909288722638451,0.9407911700736202
0.9441176470588235,0.05919003115264809,0.0001122379062603222,0.05769248456106561,0.9421952775326741
0.9521008403361344,0.05030891438658425,0.00010867740990000252,0.05633467568084444,0.9435566469092557
0.9600840336134453,0.04157549234135671,0.00010525465337842124,0.05501791440483162,0.94487683094179
0.9680672268907563,0.03298611111111116,0.00010196341604439877,0.05374071810340077,0.946157318480555
0.9760504201680672,0.02453723633232885,9.879779504977383e-05,0.05250166487922785,0.9473995373257225
0.9840336134453781,0.016225448334756587,9.575218743363994e-05,0.0512993908753952,0.948604856937171
0.9920168067226891,0.008047437526471857,9.282127329734307e-05,0.05013258770539833,0.9497745910213045
1.0,0.0,9.000000000000002e-05,0.04900000000000001,0.95091
